200
108
152
120
84
64
122
188
102
42
184
162
126
82
90
228
52
146
218
68
132
196
84
104
28
124
148
132
124
196
132
146
96
130
148
116
214
252
164
126
126
124
92
186
136
124
180
134
112
126
96
156
150
142
132
32
182
112
198
106
144
128
102
122
112
116
110
138
48
220
170
252
28
148
166
76
72
128
150
224
130
198
124
74
134
138
240
126
144
102
140
92
48
52
32
196
170
168
30
92
138
48
114
180
198
162
156
60
234
104
106
242
92
148
118
44
102
104
150
12
242
134
130
138
42
186
68
108
198
60
224
124
250
108
204
248
100
146
242
80
74
198
104
122
122
82
152
108
250
234
132
88
62
132
166
168
46
112
118
162
146
40
98
160
252
164
116
112
112
186
96
150
152
94
192
12
116
34
220
6
84
98
132
18
144
158
128
234
82
104
142
222
118
8
224
132
240
68
4
46
94
76
128
142
152
152
180
110
204
72
114
106
252
24
116
114
208
4
38
10
108
152
246
150
120
154
166
160
126
138
132
76
182
192
46
48
68
134
70
76
174
146
32
222
40
142
130
68
34
120
96
140
130
208
114
106
30
112
94
92
30
154
250
14
134
122
72
30
120
154
214
74
50
4
252
118
84
236
98
118
116
144
38
108
74
102
252
252
128
144
116
64
110
62
64
74
24
208
228
60
44
114
156
132
168
150
182
24
130
126
116
134
212
216
88
172
164
152
184
154
176
52
110
114
118
142
92
182
146
98
140
194
110
158
182
92
186
114
68
138
112
100
216
144
138
152
184
10
78
122
118
218
144
34
142
190
124
250
194
150
176
100
222
60
126
58
224
114
98
42
134
238
92
218
138
98
142
128
116
118
72
104
142
160
112
80
24
66
168
30
226
252
16
182
108
92
54
152
170
90
154
140
46
106
226
56
154
142
72
120
108
144
168
98
18
184
26
112
120
216
138
4
58
144
136
176
112
134
82
142
88
114
226
240
10
30
204
116
54
154
208
28
166
78
8
176
134
170
212
120
84
140
132
68
122
168
156
6
106
140
212
88
8
72
240
178
60
130
122
238
68
82
232
8
104
112
100
250
76
244
106
8
252
142
116
90
92
6
176
112
176
20
48
164
234
90
230
168
128
98
14
194
136
114
36
102
216
106
104
172
252
120
94
122
136
134
146
8
116
70
118
132
8
54
26
160
144
118
164
68
172
246
136
106
130
162
188
184
168
252
48
92
152
136
108
168
188
138
190
40
148
148
100
52
20
188
132
90
100
192
4
146
50
168
70
90
102
178
182
128
4
42
64
44
84
116
230
160
158
112
76
142
132
214
182
212
90
94
230
136
152
162
186
38
244
94
180
88
84
140
150
122
214
174
6
112
250
120
178
206
160
134
100
174
138
114
4
156
78
94
58
216
148
150
134
134
136
130
78
142
138
60
114
58
102
138
44
144
130
160
8
90
242
160
120
74
30
70
156
114
196
104
14
98
202
94
116
160
8
66
84
46
160
84
244
78
92
168
248
94
148
138
86
118
144
236
122
130
218
186
182
210
200
132
90
82
162
242
140
162
126
72
132
170
44
230
140
186
122
132
108
48
196
146
48
126
176
12
226
140
150
154
60
234
42
238
230
126
78
128
236
10
144
112
208
172
246
172
158
12
24
98
128
130
8
126
186
80
128
110
162
142
194
96
20
160
208
126
142
106
190
182
88
148
246
78
140
156
174
36
106
216
138
42
164
248
208
8
252
86
150
208
118
138
122
54
98
166
142
88
106
198
142
236
114
226
98
118
4
12
128
130
104
30
42
46
102
150
224
66
16
62
236
154
110
142
214
138
104
132
144
126
72
24
186
204
204
126
136
8
108
236
200
170
182
234
134
36
248
154
20
130
152
4
130
38
148
114
154
102
10
122
196
158
224
186
54
194
124
28
160
126
176
176
16
134
128
160
116
176
154
148
138
44
6
92
44
216
116
88
144
124
146
112
68
120
92
4
200
4
164
208
38
68
204
164
248
152
6
132
72
128
48
136
54
166
252
4
68
116
134
136
206
168
24
58
16
212
104
16
134
136
58
60
40
240
210
152
54
182
16
190
50
208
188
72
144
174
214
252
240
90
64
62
110
94
114
116
82
114
246
156
250
112
126
114
176
218
64
106
54
124
102
236
132
118
216
242
132
194
98
104
88
54
88
114
52
140
66
70
32
128
54
138
196
214
148
112
164
42
38
46
100
110
86
204
160
132
94
138
4
214
104
154
134
146
116
120
176
214
