56
30
40
92
72
44
62
82
26
38
48
36
56
30
8
56
10
8
74
56
92
48
50
64
14
96
8
76
38
20
54
46
56
78
88
60
64
56
96
34
46
44
82
58
68
76
96
66
12
44
18
48
30
82
58
34
22
86
64
62
76
46
54
54
36
60
42
48
40
62
50
96
54
44
58
22
36
30
70
40
34
44
94
82
36
14
92
54
20
60
72
76
72
34
70
46
20
50
60
78
94
56
40
72
46
46
10
42
36
96
46
52
20
62
48
14
64
22
42
40
62
16
44
26
32
22
26
74
48
52
42
76
48
48
44
42
22
80
96
46
34
34
30
90
52
48
66
36
42
38
52
26
38
50
82
26
6
6
64
4
66
46
4
96
64
16
72
60
52
62
80
44
48
32
36
76
66
4
32
96
32
60
42
96
34
34
70
20
22
30
10
56
94
52
70
40
24
50
10
64
54
64
82
52
78
90
38
32
90
44
78
42
50
68
74
92
92
84
54
20
72
70
50
22
72
50
92
56
6
72
4
78
74
30
56
66
8
44
24
6
18
68
52
4
66
54
66
66
32
52
46
56
36
78
54
86
38
42
60
84
24
48
12
8
48
86
26
16
54
4
30
46
54
30
50
74
16
96
36
56
56
66
10
38
52
60
16
52
24
62
82
52
36
52
82
34
54
70
20
12
74
34
62
42
30
48
30
36
24
40
22
40
14
58
56
60
60
12
64
72
78
30
54
70
60
56
34
30
38
30
52
28
34
8
36
38
48
84
24
4
68
48
10
48
76
60
86
46
48
62
58
8
90
50
56
52
54
70
76
80
22
74
42
4
48
46
88
56
70
38
62
42
54
94
12
60
38
28
62
94
62
34
58
96
36
88
6
4
48
28
58
24
70
32
64
36
64
52
78
90
32
82
64
52
78
12
46
64
72
8
94
76
32
44
6
70
50
96
94
54
44
66
70
54
68
58
70
12
54
58
44
40
52
44
42
42
52
30
14
58
32
70
60
4
76
48
56
26
72
54
92
88
80
30
58
94
12
78
74
56
52
18
34
40
24
42
24
44
54
66
50
36
32
68
62
68
94
44
94
66
62
12
58
22
84
10
72
96
20
40
96
84
20
76
68
46
64
38
26
96
58
50
4
56
58
62
30
62
56
62
40
38
54
20
70
44
50
92
94
34
50
44
20
78
34
70
54
58
38
20
44
46
46
36
88
58
26
54
92
50
44
96
58
76
60
36
56
42
60
26
42
50
74
92
52
44
22
48
78
50
48
72
48
56
26
22
46
56
96
46
50
6
32
68
62
6
62
96
96
74
52
4
32
76
32
28
52
42
66
32
54
8
4
52
26
68
64
76
72
46
14
52
44
80
76
42
58
42
74
30
60
18
26
48
66
48
48
60
52
38
50
60
42
34
28
84
84
26
28
54
26
62
36
52
58
44
42
58
80
92
94
24
48
18
26
34
82
42
44
40
58
36
96
48
38
32
46
50
46
86
40
32
70
54
22
26
26
10
64
48
76
40
64
20
80
30
52
4
4
46
48
26
46
70
56
52
48
26
48
6
42
4
36
46
40
42
50
74
48
70
52
40
22
46
64
14
56
88
68
38
48
40
68
74
50
20
84
76
48
36
44
44
62
58
72
50
54
60
62
70
4
36
96
36
36
66
32
56
60
78
26
54
62
22
4
58
64
76
88
36
90
54
80
74
6
68
62
26
92
60
28
48
80
48
56
50
56
58
24
16
82
62
56
54
48
40
56
18
68
56
62
54
58
26
54
42
30
62
90
14
96
4
46
30
50
36
44
82
50
96
64
34
58
44
16
66
44
62
80
44
48
76
66
80
36
94
6
42
44
80
54
94
56
46
30
70
38
38
48
40
80
72
68
74
52
68
90
84
62
76
62
40
56
74
62
62
56
86
84
68
78
96
92
72
80
92
44
42
26
70
68
48
58
44
20
54
46
52
44
84
72
62
32
28
36
52
16
28
68
52
56
52
30
20
44
64
60
84
36
46
96
18
34
56
42
70
56
58
68
28
52
48
68
36
42
16
86
54
48
4
58
90
58
12
54
38
76
60
78
52
24
94
52
76
50
52
60
46
80
56
84
44
42
48
84
44
36
28
48
76
28
74
26
20
46
38
52
40
60
76
14
34
76
68
96
66
12
96
30
40
54
48
32
60
48
26
74
36
50
24
56
30
74
44
52
62
40
50
34
10
76
88
86
22
32
76
44
14
60
30
8
82
76
52
38
60
92
76
54
14
