154
104
104
92
78
4
64
102
142
118
132
68
154
112
74
62
114
72
110
58
178
106
112
10
98
170
186
140
144
120
64
84
126
88
76
124
88
152
190
114
12
166
62
186
108
130
86
136
126
106
134
146
154
100
104
94
30
118
4
106
98
138
112
166
94
66
138
28
60
88
78
108
114
94
4
102
168
120
156
66
110
136
70
160
100
100
90
136
118
134
140
90
162
120
52
44
12
98
144
134
102
58
40
30
126
176
110
44
170
146
136
118
98
74
4
80
126
68
156
124
52
166
106
4
30
160
118
4
44
82
18
112
92
68
94
176
160
118
110
4
18
24
122
152
106
76
166
102
92
62
82
8
112
60
192
118
78
182
78
172
142
114
42
92
98
92
96
126
4
94
60
48
140
122
158
76
134
70
158
48
86
80
82
180
164
98
32
64
76
162
148
188
138
28
44
68
16
56
112
82
192
112
88
110
130
160
64
86
36
52
170
50
108
110
128
106
66
58
102
90
108
176
146
78
150
158
104
114
74
108
136
158
106
94
116
58
66
66
46
110
70
94
154
86
154
56
136
116
146
36
88
36
82
100
180
92
108
102
140
30
164
168
60
156
116
120
94
22
76
182
186
154
72
150
132
92
52
100
132
94
20
4
162
72
116
114
132
100
46
80
102
120
120
124
118
102
124
124
46
158
82
90
130
98
66
90
52
138
82
54
44
30
106
30
70
38
114
180
184
100
130
26
22
62
184
98
48
102
106
96
20
30
62
34
30
42
110
116
56
72
78
104
36
4
144
84
102
18
120
134
104
98
136
116
192
4
78
62
138
62
160
192
136
82
90
142
88
134
78
86
96
8
36
40
182
168
72
56
88
74
92
138
74
92
110
8
96
46
72
112
74
116
38
162
136
78
140
88
192
136
44
90
100
92
68
4
80
92
156
122
116
98
134
110
120
112
136
50
116
140
154
112
188
134
112
4
98
72
52
108
78
102
32
118
124
124
22
66
74
84
66
106
62
154
140
132
144
152
118
62
50
192
38
68
4
182
126
192
16
190
100
166
54
176
136
176
156
166
4
182
122
88
108
22
176
68
110
96
82
178
84
4
142
36
94
24
74
130
66
100
94
84
68
94
134
136
82
112
28
84
90
64
6
92
70
90
72
50
118
42
58
8
96
94
96
178
188
108
120
6
106
44
132
138
148
60
92
54
10
182
24
74
88
74
192
84
110
72
64
60
92
80
96
14
88
96
154
82
156
116
90
122
188
120
40
110
116
28
12
58
64
122
104
168
142
124
58
26
30
128
118
62
142
102
58
92
138
68
188
136
8
76
52
108
190
74
88
98
180
112
108
104
10
62
122
22
24
102
34
104
110
78
10
24
124
64
54
132
110
98
94
124
134
192
96
120
158
94
104
82
94
152
124
124
118
76
168
192
112
118
152
108
4
8
120
102
40
82
64
92
182
148
44
20
168
98
72
102
146
102
76
136
180
110
150
90
158
118
174
10
126
144
186
100
98
106
188
106
76
98
104
192
128
102
164
88
162
120
86
136
186
148
150
90
118
74
172
162
54
22
116
88
94
132
104
78
128
138
114
22
62
90
62
158
92
122
150
118
126
118
76
106
88
56
32
182
192
26
112
40
62
96
70
6
122
136
192
120
48
72
190
36
124
82
146
98
124
112
114
108
120
98
116
108
16
152
158
118
88
120
118
10
24
144
128
72
88
88
90
76
96
56
92
112
170
100
108
126
148
184
142
38
56
38
38
132
56
96
106
132
16
136
178
96
70
122
42
30
126
118
192
188
24
104
134
80
100
148
162
86
172
44
106
132
108
184
56
122
74
32
134
116
60
96
16
110
90
48
120
148
56
64
68
52
76
92
110
92
108
120
154
138
156
114
178
58
124
112
82
122
62
112
14
40
6
88
84
148
6
28
150
176
90
116
86
108
82
106
90
186
102
126
170
62
192
48
86
138
94
80
148
82
44
16
58
126
180
150
72
70
170
116
78
4
112
186
88
26
140
100
110
94
92
50
156
42
112
112
130
120
62
160
96
72
130
110
14
108
74
96
106
56
40
102
154
104
96
66
86
122
52
160
184
114
84
190
180
96
116
114
66
18
108
44
80
136
74
112
96
8
16
138
156
164
42
56
28
6
70
142
112
66
56
76
30
130
76
94
102
122
96
6
110
168
78
154
90
108
50
60
88
18
56
86
110
184
108
142
172
134
156
92
26
156
28
96
106
162
4
132
102
78
108
106
138
190
92
60
106
114
