6
60
24
6
54
32
30
36
14
38
32
20
28
58
10
50
34
8
16
42
14
34
22
58
42
12
40
22
40
30
24
30
58
36
42
20
60
40
40
32
28
26
30
30
6
56
36
6
30
14
42
52
32
8
18
26
38
28
30
38
22
26
44
36
34
40
10
56
28
12
30
14
26
60
24
44
36
54
24
28
12
30
6
38
12
26
40
16
18
42
4
28
30
50
28
24
32
32
58
34
60
24
18
30
32
8
32
34
28
50
22
56
36
36
26
28
24
60
54
26
32
40
18
54
36
36
32
14
4
22
30
4
60
20
14
38
6
32
30
32
40
4
22
38
56
50
38
24
24
10
28
30
28
48
48
26
28
44
38
40
28
26
20
60
28
32
30
60
42
16
58
28
42
54
12
20
30
4
4
28
8
46
30
38
34
4
4
56
32
34
60
46
16
18
50
10
32
30
58
32
18
44
14
60
54
10
24
16
32
32
24
16
48
30
34
34
28
16
22
16
24
40
30
48
30
22
28
24
44
44
28
6
20
56
26
12
16
58
28
24
22
12
28
44
42
4
36
36
32
32
32
8
36
18
18
44
44
14
32
26
30
34
40
30
38
20
4
42
30
60
32
36
18
52
28
18
30
44
6
18
32
4
26
18
16
30
56
28
54
8
60
30
36
48
50
38
26
58
30
20
36
44
58
54
32
42
14
56
50
22
34
20
32
44
36
52
26
30
24
4
14
48
6
14
40
16
46
52
34
32
52
4
40
34
26
54
32
48
42
44
30
26
38
54
58
20
48
34
24
52
18
16
30
32
34
56
32
38
28
28
30
28
40
6
38
22
28
34
32
4
26
34
60
60
24
28
50
32
30
42
22
48
38
20
18
28
28
46
22
8
18
4
56
42
56
34
28
26
28
32
34
30
6
22
30
58
40
32
48
32
20
32
42
34
4
12
42
16
8
12
24
44
8
32
60
48
12
32
54
32
58
42
30
56
38
4
28
32
26
36
12
44
4
42
34
32
16
52
38
24
34
38
22
26
60
12
30
30
30
28
36
6
14
22
14
48
10
50
34
34
38
54
14
60
22
44
28
4
4
34
32
4
18
38
18
60
26
30
26
32
8
34
18
40
12
26
40
36
40
28
30
56
22
18
60
36
32
46
38
46
26
50
16
44
32
40
34
40
22
28
34
8
22
30
44
22
48
22
34
8
32
44
30
26
60
34
8
14
28
36
12
40
10
28
44
28
50
32
36
14
36
30
58
48
46
48
24
30
16
18
36
26
34
44
38
28
26
32
40
8
16
28
38
54
18
30
24
54
26
20
12
38
34
38
60
10
44
52
30
14
24
30
60
22
60
28
36
52
40
60
50
40
36
38
18
38
30
10
36
30
44
24
52
34
34
18
28
34
10
12
30
46
8
18
24
12
24
34
60
48
4
32
48
30
60
26
14
16
24
30
36
38
26
30
4
12
24
44
4
8
48
14
26
38
32
30
16
26
44
44
4
4
8
46
22
38
36
36
10
34
48
36
40
36
20
24
12
14
30
30
40
20
24
16
28
42
52
26
40
40
32
28
12
56
32
36
42
54
30
6
22
60
24
60
34
14
38
32
36
6
34
30
58
28
32
60
50
34
42
42
36
20
26
32
34
46
48
4
40
22
32
34
8
28
34
28
16
36
12
58
38
24
34
42
44
28
32
32
56
26
48
40
6
26
60
48
58
34
18
4
8
46
16
46
50
12
34
16
56
36
6
36
22
8
28
42
24
36
30
6
28
50
20
14
28
38
32
26
42
12
50
48
32
52
50
28
8
22
4
38
36
38
60
34
10
28
28
8
36
18
28
28
26
22
50
32
28
22
20
32
26
30
10
32
24
42
20
16
32
22
42
6
26
26
36
52
4
26
40
56
24
36
52
28
32
38
56
28
14
58
28
30
54
34
60
46
58
36
8
46
40
20
22
60
40
36
30
36
12
10
38
38
34
54
36
40
48
22
34
32
60
30
8
28
32
8
38
46
28
28
24
36
44
42
58
36
56
8
30
48
20
44
6
26
30
40
20
4
48
12
24
34
4
24
48
24
32
32
24
44
58
18
36
48
32
32
16
14
38
46
26
34
8
48
36
50
60
6
16
40
22
32
52
12
36
24
48
40
56
10
10
56
36
38
18
48
20
10
4
26
18
4
28
16
38
16
20
4
40
24
24
36
38
54
22
36
10
4
30
22
20
16
46
34
34
26
4
30
20
24
28
32
42
30
12
6
8
36
12
34
16
40
14
54
18
34
22
4
14
54
40
36
8
8
48
6
40
32
20
28
34
42
56
36
4
26
38
4
30
38
42
20
22
48
26
20
26
30
20
18
52
36
14
24
34
54
14
34
46
28
6
48
60
