276
204
24
218
296
60
222
258
72
108
384
10
368
96
8
208
202
224
182
148
210
334
194
148
286
136
374
272
354
166
232
114
20
328
172
160
254
14
44
114
346
98
64
236
40
364
10
16
34
282
368
84
48
182
184
386
90
214
150
314
118
142
210
144
254
44
332
144
184
54
6
114
212
72
196
38
54
190
210
174
260
208
366
214
376
386
102
60
380
224
36
180
246
162
140
170
270
266
10
344
176
396
342
68
260
200
162
8
80
94
4
256
28
4
216
304
228
208
220
40
120
248
6
366
88
216
50
146
260
278
198
350
122
218
142
360
210
368
190
246
174
256
112
60
28
384
382
304
170
208
202
248
290
168
192
204
228
286
346
94
238
220
242
184
312
258
96
70
52
8
396
204
160
48
130
100
242
280
110
396
326
324
262
218
216
318
194
214
52
222
234
136
304
244
206
238
44
152
192
190
162
16
304
248
150
196
222
192
226
396
184
46
186
396
246
246
356
214
114
254
258
102
88
160
314
166
260
138
88
206
262
268
152
188
202
140
374
188
210
58
156
156
196
106
156
230
138
220
190
270
226
242
34
252
74
390
190
244
230
132
258
88
384
74
252
224
264
392
314
96
188
266
236
314
186
298
260
182
242
312
208
70
348
104
222
4
212
178
78
244
390
236
132
120
26
378
170
304
82
220
368
10
144
384
12
226
372
248
392
250
296
392
286
90
4
164
172
50
150
150
266
116
232
360
116
32
306
176
380
344
360
304
78
54
176
184
240
164
284
176
394
138
206
244
44
356
60
168
128
260
164
168
264
244
332
226
174
276
214
156
378
168
194
200
74
102
388
140
4
236
282
300
112
226
126
212
288
396
112
222
150
238
46
364
150
68
250
322
298
140
338
304
318
136
338
128
82
326
164
264
334
162
108
246
162
192
280
60
10
358
240
148
278
212
106
78
94
218
258
180
302
70
382
354
296
200
128
212
134
152
182
222
216
184
226
72
334
308
190
52
202
24
338
86
138
190
272
224
164
338
140
94
320
160
240
240
212
168
196
300
282
262
228
202
4
176
148
158
136
26
150
386
196
186
180
362
90
310
314
324
34
64
206
144
22
40
86
142
86
84
242
36
380
114
174
88
18
268
68
234
210
120
6
152
302
196
378
208
138
346
396
296
216
148
142
190
196
184
10
232
368
180
50
380
174
52
158
78
208
88
264
166
232
136
4
220
36
394
214
238
212
190
192
102
192
168
212
56
174
386
220
244
128
308
158
124
396
298
250
46
228
106
146
192
240
250
358
106
390
396
210
180
256
80
8
116
10
24
228
252
170
36
242
396
242
234
72
104
264
126
240
148
176
212
124
396
20
78
132
200
216
264
334
318
124
206
32
176
84
176
234
192
86
258
202
302
176
384
344
240
222
380
290
312
242
232
226
78
86
226
198
236
238
358
342
120
18
24
230
4
248
34
108
268
150
64
386
212
294
154
234
116
144
130
142
150
100
44
240
262
104
254
70
202
302
240
316
180
222
146
38
288
256
132
386
300
240
152
268
140
188
396
258
176
268
366
248
208
152
20
194
148
256
244
278
162
234
104
364
146
248
170
346
160
102
192
238
166
228
166
152
176
148
218
198
294
330
240
140
242
88
142
200
220
160
150
166
158
72
384
74
198
232
180
50
44
110
102
382
388
198
184
58
174
172
314
222
334
204
360
310
374
138
310
336
138
226
34
46
212
56
54
186
106
248
300
340
138
224
142
334
10
172
202
146
226
150
14
344
186
36
256
370
158
14
176
84
336
178
14
234
142
164
328
312
314
132
182
172
334
100
232
216
10
140
374
180
234
130
260
68
306
196
58
122
168
192
168
6
216
346
152
276
94
20
52
30
158
144
4
202
184
222
80
292
380
4
162
162
132
388
170
276
20
112
100
140
350
132
180
248
90
128
158
350
316
372
66
394
304
198
296
40
350
90
140
198
98
150
218
180
270
6
380
144
234
276
240
4
188
36
272
228
6
306
178
122
282
360
222
220
158
352
106
294
42
38
48
44
144
148
256
150
102
154
68
182
360
180
396
66
110
254
380
26
372
236
192
174
348
182
286
270
278
354
314
368
232
196
266
192
228
254
166
214
208
348
52
136
384
308
320
292
260
270
216
220
108
224
224
360
380
280
50
368
218
272
84
242
178
10
362
238
72
390
66
236
278
124
24
236
208
156
340
268
270
38
104
106
218
342
192
206
152
304
164
112
20
224
144
194
44
136
70
268
290
42
282
128
128
