300
316
184
150
36
146
258
132
184
176
112
166
314
202
186
250
292
174
88
136
146
316
194
204
108
70
278
114
150
312
148
94
114
222
188
102
70
138
308
164
8
188
14
62
74
86
42
4
222
262
220
4
258
230
210
122
186
98
4
120
300
116
30
228
118
84
72
234
154
162
100
132
134
128
126
186
130
252
142
280
130
132
152
122
320
142
6
222
180
164
198
144
4
50
92
186
274
82
198
32
202
104
210
22
158
302
150
24
160
182
166
172
196
60
102
118
174
234
118
234
242
206
92
118
220
156
294
128
84
140
298
192
312
190
148
28
202
20
110
290
320
134
188
110
270
268
262
182
270
158
52
246
188
162
12
142
184
192
126
170
158
214
282
28
152
166
108
64
52
180
154
172
48
18
132
204
140
156
184
270
216
48
118
40
100
4
270
162
200
158
198
258
128
72
210
294
320
108
200
6
192
160
62
116
306
72
132
144
200
66
30
136
288
52
246
118
10
128
160
182
180
84
222
142
28
258
204
312
132
218
198
180
218
156
254
158
60
320
178
128
280
138
78
268
84
150
166
168
116
282
166
290
208
130
178
124
144
12
300
282
140
190
112
12
44
320
96
260
172
114
116
302
312
184
90
106
148
184
202
228
144
294
176
140
208
192
122
308
286
100
290
228
80
112
194
8
42
154
196
198
172
84
154
140
134
218
312
150
194
228
152
28
114
192
270
278
166
186
170
70
316
320
100
166
110
148
180
130
38
66
128
190
206
154
142
142
238
190
184
32
216
160
128
90
62
150
300
256
294
160
114
98
138
204
218
182
104
184
92
200
16
76
20
144
234
142
100
38
202
172
136
84
198
86
192
42
152
206
132
200
304
216
126
278
228
148
14
50
168
206
18
154
112
156
282
100
152
242
152
260
190
150
84
202
180
6
206
190
306
320
218
164
136
90
202
4
154
292
272
72
198
260
170
164
174
192
130
226
220
30
232
306
8
218
320
134
112
264
40
192
4
202
136
62
288
130
178
168
14
106
126
134
162
180
150
174
204
224
52
308
132
204
150
246
78
236
292
170
222
162
246
136
32
292
240
4
246
76
104
28
310
258
148
50
124
194
210
158
162
188
38
100
156
182
126
154
186
72
144
58
240
166
192
190
76
142
118
190
244
22
12
166
316
142
186
134
36
176
4
272
122
192
192
74
182
140
4
156
208
150
176
106
30
172
162
264
126
276
282
10
76
68
166
186
190
146
296
92
250
162
74
118
24
312
126
8
182
52
282
196
68
112
158
186
80
152
202
164
164
200
96
204
116
220
114
100
172
134
104
134
162
190
110
208
276
106
122
180
246
162
76
154
162
134
24
250
172
128
148
128
108
260
262
266
4
240
284
160
294
184
46
128
260
42
170
136
26
28
186
132
226
152
198
264
120
168
166
74
186
178
274
150
180
42
150
164
176
164
38
194
110
164
126
182
4
310
92
126
188
190
262
182
318
210
134
46
42
122
114
164
28
164
6
118
100
114
170
136
202
188
22
244
110
150
102
78
116
256
166
168
164
76
244
186
314
228
162
234
68
272
206
248
70
60
138
146
200
172
206
112
106
90
250
252
6
316
4
58
124
312
122
300
8
116
188
270
186
150
194
168
80
92
116
8
134
142
154
220
60
158
214
186
158
18
4
240
288
274
178
306
122
46
132
268
28
160
248
136
106
42
114
104
222
216
144
184
144
156
242
172
276
242
278
134
20
306
124
206
170
214
18
116
320
30
148
90
168
58
262
120
116
248
26
188
284
114
168
52
176
4
278
172
166
96
70
82
178
134
274
274
128
82
142
118
244
206
6
206
152
122
84
316
148
194
276
206
162
6
202
214
16
222
36
70
148
272
90
116
32
180
260
126
62
100
130
94
142
124
230
8
178
290
134
132
68
108
20
302
224
166
142
320
172
120
156
158
160
38
162
288
180
142
28
136
130
116
228
142
186
130
10
316
114
16
132
244
132
202
142
140
224
228
310
216
176
164
188
298
222
112
154
306
44
206
208
72
4
312
76
40
290
204
98
150
190
168
74
8
140
258
116
138
234
92
102
306
68
114
192
160
62
292
274
256
218
108
102
88
90
86
306
266
298
244
168
196
60
140
158
64
86
216
136
6
196
176
222
70
188
88
114
128
208
152
238
220
34
26
298
8
16
234
242
84
254
98
156
280
78
6
134
218
164
200
244
212
168
234
252
174
150
130
102
108
292
162
186
280
208
106
106
12
176
178
108
136
214
288
84
68
