66
66
90
48
26
110
76
44
60
16
40
46
14
110
88
64
74
78
72
58
26
52
50
62
130
32
6
64
94
6
138
86
98
86
92
80
88
68
54
86
68
112
12
76
64
96
54
86
22
78
4
52
16
4
76
102
10
34
94
68
22
16
130
22
20
68
70
86
52
108
8
50
24
70
90
94
96
40
74
46
72
112
128
90
50
90
136
52
90
40
134
46
96
34
102
74
98
4
86
102
128
82
72
26
60
70
78
72
78
112
136
72
82
76
58
120
40
12
60
10
88
96
108
100
30
68
100
78
56
86
58
50
6
16
68
58
72
100
86
126
80
76
44
6
4
54
18
114
14
82
76
100
102
68
82
100
58
22
88
78
54
66
64
12
20
64
80
116
50
10
80
84
48
94
74
96
66
50
50
108
34
64
34
124
44
36
56
92
28
68
62
84
54
54
34
40
76
40
4
80
22
102
124
98
74
52
94
98
38
48
24
102
70
42
66
120
86
38
128
84
116
16
138
104
104
94
136
24
140
48
58
16
80
106
86
32
96
76
136
134
42
70
68
60
28
74
24
60
40
98
60
84
56
86
86
60
54
76
50
64
98
96
60
120
48
38
60
60
106
74
94
16
82
84
94
140
58
54
82
116
76
12
80
18
4
62
98
18
90
88
32
124
92
122
72
120
74
30
78
70
84
64
32
34
68
72
44
66
24
60
136
110
6
84
78
46
46
86
64
92
74
58
56
90
104
74
42
82
138
68
64
50
86
108
50
28
92
16
40
96
38
64
4
140
50
94
36
138
76
48
64
84
70
44
72
82
90
62
80
140
132
78
50
58
108
74
102
136
6
46
138
64
74
74
72
84
16
50
4
78
130
4
60
88
88
54
70
48
22
116
36
60
92
72
64
96
78
44
92
140
100
88
82
82
10
54
108
80
96
82
40
140
62
116
92
44
138
130
80
72
136
82
136
80
128
48
34
62
84
136
108
68
86
68
70
78
40
82
68
76
48
8
40
60
12
30
82
22
94
70
124
114
80
56
110
62
140
38
42
76
56
106
48
82
50
32
104
86
64
12
32
88
6
80
102
136
70
110
84
24
76
52
36
70
74
50
60
138
60
52
100
74
26
90
66
140
74
72
84
44
90
50
76
14
46
102
84
58
28
4
112
60
62
4
30
100
44
94
44
54
48
56
96
80
100
94
100
82
16
90
56
70
94
40
78
92
108
68
50
4
34
58
16
4
78
110
10
106
4
12
64
140
70
74
96
118
60
70
88
86
104
114
42
56
134
94
70
54
34
128
84
108
92
50
38
70
18
4
38
136
14
32
44
50
116
74
140
58
132
86
54
88
86
66
76
116
134
62
62
132
110
90
10
54
90
136
90
28
42
78
28
60
62
90
52
98
74
20
94
14
46
72
88
8
124
140
58
78
38
132
4
64
106
126
86
72
4
70
102
38
124
24
126
76
124
84
70
64
96
132
140
134
84
32
8
62
16
34
102
90
134
16
134
44
40
20
96
90
84
68
56
24
50
88
48
66
138
116
92
48
130
132
78
16
30
10
100
36
48
98
68
64
32
94
82
120
60
68
94
96
88
84
68
64
12
68
64
86
108
90
94
28
96
86
74
66
140
138
112
94
108
106
124
50
70
22
86
74
88
62
6
6
58
140
112
78
84
110
92
84
26
84
10
56
46
68
62
96
128
132
124
74
72
36
114
84
10
78
134
68
70
50
48
130
62
66
72
84
64
88
28
84
86
74
82
70
46
120
58
94
86
60
74
24
118
136
72
14
54
68
112
86
16
140
96
102
58
28
92
68
76
4
120
26
36
6
68
36
94
24
140
70
124
120
60
140
82
60
70
28
38
92
40
56
140
64
38
114
56
104
110
70
50
52
16
94
54
34
80
96
94
140
90
10
20
56
16
64
130
38
76
80
114
96
56
54
124
72
94
84
78
44
56
88
60
94
70
88
52
90
110
40
92
124
68
136
78
64
36
88
78
86
66
80
70
32
106
46
22
80
24
60
94
56
92
36
94
32
70
90
4
84
94
80
72
88
86
98
80
74
48
44
62
110
10
136
140
66
92
136
64
96
116
48
120
40
114
108
84
84
6
72
56
66
82
72
46
60
20
44
42
92
56
28
88
110
62
46
32
68
92
58
48
124
42
70
38
70
20
52
68
114
40
4
88
122
58
58
64
116
50
90
64
22
14
72
28
106
102
132
24
86
60
92
80
54
114
60
4
130
120
78
26
6
126
104
100
42
86
106
