2216
1972
4754
2836
1912
2730
1848
2766
2038
1356
1036
1204
408
2676
742
2792
3534
3832
366
3050
1932
1590
1196
4890
2114
3534
2604
338
1104
2880
1890
2918
894
2624
3094
3244
2250
2482
4854
1752
1944
4682
4800
1518
1580
4350
1208
568
3876
2686
2352
864
2080
2438
4466
324
2900
4510
4660
218
4304
1400
1712
2246
2442
3806
334
2822
3008
390
4614
4838
1204
2090
1118
3400
4166
2954
3652
1512
888
3328
690
3756
4640
4600
1854
1978
3398
4562
3202
2030
3620
3652
3260
4668
336
1020
3386
4046
2396
2136
58
3156
3806
50
3252
4732
2768
1156
3916
3636
1828
806
3076
2276
1378
1418
2642
2598
888
2336
3448
1794
3054
750
2902
1304
2836
4392
3788
4296
2758
2234
2894
198
3088
1572
1538
2464
2218
4876
1286
3328
2404
3312
1658
192
4364
2812
768
1888
3148
2744
4438
3560
254
4882
12
2498
3040
2298
4340
2108
1532
2540
1384
3062
1120
1888
2952
3782
2426
3430
1958
3266
3064
4422
2424
1288
2230
2748
2794
1720
2150
2944
3994
2364
4174
2410
1958
80
1738
2348
1960
4048
1062
1730
2278
1706
2332
2712
3926
2504
1718
2498
3382
2072
2820
652
4314
294
2676
2924
1818
3294
2728
4894
716
2870
2282
1856
1184
1926
4464
3756
3660
1450
2478
1222
1976
730
334
3110
3010
1890
2018
3326
3428
4868
2786
3748
1916
4242
2238
2052
3200
3956
4822
4512
3164
2790
2582
4896
42
676
146
2488
2872
1314
3268
1338
990
2156
3304
4028
2088
1666
86
1066
2104
3972
3458
4038
2238
1900
2654
3086
1214
86
2620
2884
268
42
4052
1728
1168
3142
3158
1992
2596
288
2296
2520
2432
1544
3118
190
2364
4614
4804
1372
1820
694
3430
138
4
3250
2990
4860
1534
4558
2552
1566
4248
2358
800
2874
1854
2496
1616
1660
2810
1714
2592
3066
2710
1962
124
1654
2558
1546
3038
1960
2428
1860
986
4592
932
3154
4662
2746
2808
2238
452
2368
2438
4422
3400
532
222
3762
2474
3100
3362
256
406
716
1986
1828
4400
2520
2748
3300
2186
2568
598
1830
1280
2450
2598
1080
4784
2050
2448
902
3154
4896
2738
3238
2782
762
4098
4294
2720
2390
2764
870
930
2882
2794
1472
4796
1142
602
2620
2598
1956
2260
2006
2530
2382
2680
2006
3812
3360
2254
1994
2578
490
4
238
2952
2914
4146
2972
3032
1972
2802
1234
1270
4292
648
4310
1946
3550
4140
1240
3822
640
1756
2652
2322
52
3536
1382
2110
2342
3594
4346
2082
4326
1914
1472
1226
3728
4782
2948
3160
3278
244
1396
90
2388
3182
2612
524
2058
1730
2742
2354
346
84
2376
3234
4200
4004
2734
2008
3550
1328
2480
4230
2384
2444
2728
2826
3254
2834
3250
2342
1444
2478
1022
4048
2176
2978
1332
1666
1242
3742
2942
3216
3742
2216
1976
2890
3108
2820
2456
360
3612
2590
1664
16
2658
152
4236
1804
492
4732
4612
56
3202
2018
2726
1428
3424
1252
526
3350
2820
2658
3464
2502
242
2040
3200
3106
3146
1652
1518
1120
764
1394
1472
2750
2308
2502
1974
3024
1330
4896
3008
118
2878
2858
2262
3624
1254
2910
4202
2206
3112
932
2440
3382
3484
2296
4204
4804
1886
3748
2312
1566
3074
2648
2746
544
3362
64
2152
2100
1090
2864
2470
3364
4196
2090
1930
1344
3060
2602
3948
3098
3836
3020
2974
2624
2122
2608
4574
2376
1612
704
1610
2984
2374
158
3366
2016
2566
3702
2172
3204
626
420
4432
370
2464
4854
4840
3188
4734
294
1936
822
4062
1670
4850
3510
4542
1214
1416
1704
678
466
2864
350
1772
2914
4300
170
1944
728
3542
3492
2564
3958
378
4056
504
2378
164
4392
2896
3046
4410
2966
2716
2750
998
2442
2180
4802
1008
3126
2548
2420
4882
3642
2364
1644
4850
3614
1882
1464
4070
4234
4864
2550
2318
740
1276
3790
1220
4218
3448
2328
2544
1164
3698
1952
2654
1644
2466
1324
2204
1992
2686
1380
3370
1364
2250
2448
2952
2846
3100
3790
4756
1722
3732
124
4880
3606
2110
1786
1132
4844
2210
336
2162
2384
464
1130
2264
1968
3004
3192
2220
3680
2828
2430
266
1852
2022
2036
2340
624
2550
1148
2322
4614
1348
2092
310
3194
2326
2902
2460
2498
3964
58
3384
1676
2758
2836
1658
782
2084
2798
3786
3434
2948
2152
376
2382
850
3842
2942
3194
2912
2080
4144
2466
1206
3044
1858
1140
2470
3622
2326
2082
2802
4550
4808
2230
1818
3160
578
2418
2736
3692
492
354
3262
1488
4516
1372
3092
744
1802
460
1050
1936
564
3568
2424
3568
2134
3426
1758
1144
2990
2674
3420
2298
2700
288
2606
4454
3064
3332
800
2710
3102
3528
3822
4218
4412
232
1450
4748
2318
494
4704
1852
1724
2966
3258
2654
4854
2584
3414
2690
1478
656
806
4064
506
4474
1268
2838
860
4804
3672
4592
3066
264
1566
2262
510
4376
2508
3134
1036
4272
2448
4470
708
2506
3732
2112
1930
4206
3586
4866
2554
4758
2570
822
2954
2888
4670
270
2132
2556
4176
3076
1912
2184
3494
1858
3540
2204
1842
3666
22
2880
4024
2960
1702
286
4086
4004
2358
1352
56
1814
318
2004
142
2052
316
4892
1854
1192
1660
3132
4606
3460
860
2558
4496
2672
4892
4
4532
2672
2874
3612
3336
2504
744
1992
3074
1712
1224
4314
4576
1668
2680
3862
4782
2564
1234
2530
1676
964
2190
1842
2270
1524
198
858
1974
178
1832
3098
1284
424
2656
2418
1006
1644
3130
2876
3808
668
3558
1344
3090
676
3146
1652
218
2788
2536
3526
1996
2744
1722
3170
1956
1414
2342
2030
840
2372
188
2720
2088
2302
394
2430
2082
4028
2288
4270
832
4676
3234
3978
4732
3868
2170
80
3682
3430
2480
